Q: 1
min_cost: 612.7136876510159
iteration: 100
FIL_SIZE: 1
SAMPLE2: 10
EXPLOR: 0
key: 1
HORIZON: 10
SIGMA: 1.1192505432396649
REF_INPUT: 10
REF_OUT: 12
SIGMA2: 1.0
INPUT_LIM: 2
ALPHA: 0
SAMPLE: 1000
R: 1
LAMBDA: 1.1192505432396649
