Q: 100
min_cost: 161190.002826812
iteration: 100
FIL_SIZE: 1
SAMPLE2: 10
EXPLOR: 0
key: 1
HORIZON: 10
SIGMA: 1.9275208714225083
REF_OUT: 1
SIGMA2: 1.0
INPUT_LIM: 10
ALPHA: 0
SAMPLE: 1000
R: 1
LAMBDA: 1.9275208714225083
