WOUT_SCALE: 0.0
key: 1
SPEC_RAD: 0.7781505188373343
min_cost: 0.014482284094644705
LEAK: 0.07891056326608052
DIM_RES: 400
regularization: 0.001
RES_DENS: 0.16524940691926265
WIN_SCALE: 1.5402301881684908
ACT: 2
iteration: 10
input_lim: 1.0
washout_len: 200
