WOUT_SCALE: 0.0
key: 1
SPEC_RAD: 0.8894325399679094
min_cost: 143.56883030902617
LEAK: 0.5928177747721118
DIM_RES: 400
regularization: 0.001
RES_DENS: 0.48413460499450883
WIN_SCALE: 1.9601685831087061
ACT: 3
iteration: 10
input_lim: 10.0
washout_len: 200
