---
ALPHA: 0
EXPLOR: 0
FIL_SIZE: 1
HORIZON: 10
INPUT_LIM: 10
LAMBDA: 1.9275208714225083
Q: 100
R: 1
REF_OUT: 1
SAMPLE: 1000
SAMPLE2: 1
SIGMA: 1.9275208714225083
SIGMA2: 0
iteration: 100
key: 1
min_cost: 161190.002826812