---
ALPHA: 0
EXPLOR: 0
FIL_SIZE: 1
HORIZON: 10
INPUT_LIM: 2
LAMBDA: 1.1192505432396649
Q: 1
R: 1
REF_INPUT: 10
REF_OUT: 12
SAMPLE: 1000
SAMPLE2: 1
SIGMA: 1.1192505432396649
SIGMA2: 0
iteration: 100
key: 1
min_cost: 612.7136876510159