WOUT_SCALE: 0.1
min_cost: 143.56883030902617
DIM_RES: 400
iteration: 10
washout_len: 200
key: 1
SPEC_RAD: 0.8894325399679094
LEAK: 0.5928177747721118
regularization: 0.001
RES_DENS: 0.48413460499450883
WIN_SCALE: 1.9601685831087061
ACT: 3
input_lim: 10.0
